Instance: E-n101-k8
Best: 1013.2104895042199
Mean: 1042.5283450162574
StdDev: 19.899377325920305
Satisfability: 100/100
