Instance: E-n76-k14
Best: 1186.2873264834147
Mean: 1244.9801535908514
StdDev: 50.430696689572095
Satisfability: 75/75
