Instance: P-n55-k15
Best: 1064.7343329461178
Mean: 1114.0868449459072
StdDev: 27.655107762469516
Satisfability: 54/54
