Instance: P-n60-k15
Best: 1090.0532150554375
Mean: 1152.2830355733606
StdDev: 50.718247025399315
Satisfability: 59/59
